5
1
5
3
2
1
1
1
5
5
6
5
6
5
22
2
54
807
46
10
2
16
2
9
2422
11
442
139
50
65
110
6
1
15
33
12
9
1
2
1
2
1
1
1
7
34
208
5
1
6
20
11
1
2
10
10
9
9
8
4
8
10
6
7
28
1
3
7
1
5
9
58
72
1
4
1
2
2
2
3
15
3
1
19
18
1
4
142
27
74
56
42
7
14
6
2
3
8
14
1
5
44
12
1
1
11
146
14
10
3
6
4
1
1
12
10
6
5
4
5
1
1
14
26
1
2
2
6
1
1
2
8
1
12
4
1
4
3
17
9
3
12
2
5
32
1
3
2
3
3
3
1
1
1
2
4
14
3
7
47
1
1
1
5
1
1
2
3
17
1
4
2
4
1
180
3
2
16
17
10
10
10
5
5
10
1
25
2
34
1
3
17
3
1
5
4
4
4
9
3
8
2
2
9
14
6
277
1
4
1
3
15
5
1
4
1
5
4
4
4
4
4
1
1
3
5
2
2
1
5
1
2
2
3
3
3
22
16
3
1
1
1
2
2
2
2
1
8
10
2
1
1
1
1
46
2
4
2
1
2
2
31
7
5
6
167
15
4
34
741
29
1
439
1
1
25
5
3
6
54
81
17
12
16
10
3
17
5
2
18
41
3
23
3
2
2
8
5
4
5
6
6
11
9
3
2
62
36
6
5
8
9
29
33
4
4
1
6
3
1
2
1
1
8
1
1
1
2
3
2
1
2
5
6
6
11
25
2
13
2
2
3
1
11
3
2
15
2
1
4
3
5
3
2
2
1
2
1
8
13
2
17
4
6
4
8
14
1
1
2
18
8
2
1
1
2
4
6
1
1
8
4
1
2
2
1
10
2
4
4
1
4
3
2
16
4
4
4
4
4
4
4
1
8
3
6
1
1
1
5
4
1
1
11
1
1
2
12
2
13
21
4
62
3
956
2
1
1
1
6
38
11
2
16
8
41
52
42
4
11
2
3
2
3
1
6
6
6
6
6
1
18
10
4
1
10
1
1
1
1
1
35
9
9
9
18
18
18
18
27
27
9
18
54
54
18
22
13
22
9
2
3
5
1
3
3
2
2
9
3
8
10
3
6
1
10
5
5
2
2
1
1
2
5
17
16
4
9
11
4
1
2
7
1
1
1
1
1
1
5
2
0
12
1
1
1
1
1
1
1
1
1
5
0
24
2
2
2
2
2
1
0
13
1
1
1
1
1
1
1
0
8
1
1
1
1
1
1
0
10
291
8
2
16
8
1
1
20
1
1
2
2
1
1
1
8
12
37
35
8
4
35
9
6
11
2
1
1
1
9
3
12
2
13
10
5
7
1
3
7
11
11
11
7
12
12
12
12
6
6
6
1
1
1
1
1
1
1
1
1
2
3
2
4
8
12
6
7
2
11
11
28
28
27
28
28
27
6
6
6
6
6
6
14
7
14
7
14
7
11
7
14
7
14
7
6
5
9
2
9
2
7
2
7
5
8
13
1
8
3
3
3
3
3
3
5
5
4
4
3
3
3
3
3
3
3
8
6
9
3
3
3
10
3
3
3
3
3
3
3
3
3
3
3
3
3
11
3
3
3
3
3
35
6
6
1
2
3
3
6
2
6
2
3
2
1
1
3
14
6
6
6
6
6
6
6
6
6
3
3
7
1
1
1
1
4
2
2
2
2
2
2
2
2
2
5
4
4
1
1
1
1
1
39
23
6
3
1
4
1
1
4
4
18
12
13
7
5
4
1
3
2
3
3
3
4
4
6
4
4
4
3
3
4
3
3
3
1
14
3
3
3
3
3
3
1
2
3
3
2
2
4
1
3
2
2
3
3
2
2
1
3
3
1
1
8
2
5
3
3
3
2
2
2
2
2
2
2
3
3
2
2
2
2
2
2
3
3
2
2
2
2
3
3
2
2
2
2
3
3
2
2
2
2
3
3
2
2
15
2
4
3
3
1
2
2
1
6
6
6
6
6
6
6
6
6
37
37
37
37
37
37
37
37
37
36
36
36
36
36
36
36
36
36
2
28
7
11
11
11
27
7
11
11
11
25
7
11
11
11
25
7
11
11
11
25
7
11
11
11
25
7
11
11
11
25
7
11
11
11
25
7
11
11
11
25
7
11
11
11
22
23
23
20
17
15
14
4
2
2
10
4
4
4
4
5
5
3
5
5
5
3
5
5
5
3
5
5
7
8
7
9
4
4
4
11
10
9
7
5
5
5
5
6
6
6
5
3
3
2
2
6
2
10
2
1
5
1
24
18
11
5
6
6
2
3
3
2
2
2
3
3
4
2
2
4
1
9
1
1
1
3
3
10
3
8
2
6
4
29
6
12
1
4
3
2
1
7
3
1
2
1
2
12
4
1
1
1
3
33
14
21
21
3
3
10
7
18
18
26
26
18
8
6
6
6
6
6
5
22
9
8
4
4
6
12
11
11
1
1
23
2
9
1
1
21
26
12
8
18
0
35
32
8
2
2
1
8
9
10
9
27
17
5
3
8
2
1
1
1
1
1
1
2
4
1
3
1
3
6
1
1
10
1
1
2
8
22
2
2
2
3
3
4
1
3
3
6
2
2
2
2
18
15
3
3
4
3
1
5
5
4
1
2
6
1
4
2
2
14
1
2
2
1
2
1
1
1
1
4
4
34
1
2
28
2
4
1
2
1
2
1
1
35
1
1
29
1
4
2
2
43
4
1
1
158
45
3
0
0
1
1
1
1
2
1
1
1
2
1
1
9
11
11
8
2
2
2
2
1
2
0
0
0
0
